MEMORY
  total           15122 KB
  struct            159 KB
  buffer            627 KB
  arena           14336 KB, used 0.9%

SIZES
  narena                14680064
  nbuffer               641872
  nplugin               0
  maxuse_stack          108112
  maxuse_arena          138640
  maxuse_con            4
  maxuse_efc            31
  ncon                  4
  ne                    0
  nf                    6
  nl                    9
  nefc                  31
  nJ                    682
  nA                    0
  nisland               1
  nidof                 22
  ntree_awake           1
  nbody_awake           43
  nparent_awake         42
  nv_awake              22
  flg_energypos         0
  flg_energyvel         0
  flg_subtreevel        0
  flg_rnepost           0
  threadpool            0

TIMER
    0:  duration =  0          number = 0
    1:  duration =  0.43       number = 3
    2:  duration =  0          number = 0
    3:  duration =  0.37       number = 3
    4:  duration =  0.01       number = 3
    5:  duration =  0.0027     number = 3
    6:  duration =  0.037      number = 3
    7:  duration =  0          number = 0
    8:  duration =  0.019      number = 3
    9:  duration =  0.0076     number = 3
    10:  duration =  0.31       number = 3
    11:  duration =  0.03       number = 3
    12:  duration =  0.00033    number = 3
    13:  duration =  0.047      number = 3
    14:  duration =  0.21       number = 3

SOLVER STAT
  solver_fwdinv =   0         0       
  ISLAND 0
    solver_niter = 1
    solver_nnz = 484
      0:  improvement =  0.025       gradient =  1.2e-17     lineslope =  5.7e-19 
          nactive = 31   nchange = 0   neval = 2   nupdate = 0

ENERGY =   0         0       

TIME =  0       

QPOS
   6e-06   
   1.2     
  -1.5     
   3.1     
   2.7     
  -1.6     
  -0.32    
  -0.042   
  -0.037   
  -0.34    
  -0.32    
  -4.8e-07 
  -0.049   
  -0.36    
  -0.32    
  -2.9e-07 
  -0.049   
  -0.36    
   1.5     
   1       
  -1.2     
  -0.55    

QVEL
  -8.4e-05 
  -4e-05   
  -6.7e-05 
  -0.0011  
  -0.00011 
  -0.0014  
  -5.6e-05 
   0.002   
  -0.00056 
  -0.0016  
  -1.8e-05 
   5e-05   
  -5.7e-05 
  -0.0016  
  -1.5e-05 
   6.3e-06 
  -1.6e-05 
  -0.0015  
  -0.005   
  -0.0022  
  -0.0021  
  -0.0037  

QACC_WARMSTART
   0       
   0       
   0       
   0       
   0       
   0       
   0       
   0       
   0       
   0       
   0       
   0       
   0       
   0       
   0       
   0       
   0       
   0       
   0       
   0       
   0       
   0       

CTRL
  -0.32    
  -0.042   
  -0.037   
  -0.34    
  -0.32    
  -5.8e-07 
  -0.049   
  -0.36    
  -0.32    
  -3e-07   
  -0.049   
  -0.36    
   1.5     
   1       
  -1.2     
  -0.55    

QFRC_APPLIED
   0       
   0       
   0       
   0       
   0       
   0       
   0       
   0       
   0       
   0       
   0       
   0       
   0       
   0       
   0       
   0       
   0       
   0       
   0       
   0       
   0       
   0       

XFRC_APPLIED
   0         0         0         0         0         0       
   0         0         0         0         0         0       
   0         0         0         0         0         0       
   0         0         0         0         0         0       
   0         0         0         0         0         0       
   0         0         0         0         0         0       
   0         0         0         0         0         0       
   0         0         0         0         0         0       
   0         0         0         0         0         0       
   0         0         0         0         0         0       
   0         0         0         0         0         0       
   0         0         0         0         0         0       
   0         0         0         0         0         0       
   0         0         0         0         0         0       
   0         0         0         0         0         0       
   0         0         0         0         0         0       
   0         0         0         0         0         0       
   0         0         0         0         0         0       
   0         0         0         0         0         0       
   0         0         0         0         0         0       
   0         0         0         0         0         0       
   0         0         0         0         0         0       
   0         0         0         0         0         0       
   0         0         0         0         0         0       
   0         0         0         0         0         0       
   0         0         0         0         0         0       
   0         0         0         0         0         0       
   0         0         0         0         0         0       
   0         0         0         0         0         0       
   0         0         0         0         0         0       
   0         0         0         0         0         0       
   0         0         0         0         0         0       
   0         0         0         0         0         0       
   0         0         0         0         0         0       
   0         0         0         0         0         0       
   0         0         0         0         0         0       
   0         0         0         0         0         0       
   0         0         0         0         0         0       
   0         0         0         0         0         0       
   0         0         0         0         0         0       
   0         0         0         0         0         0       
   0         0         0         0         0         0       
   0         0         0         0         0         0       

MOCAP_POS
   0         0         0       
   0.65      0         0.3     

MOCAP_QUAT
   1         0         0         0       
   1         0         0         0       

QACC
  -0.0031  
   0.0037  
   0.0021  
   0.056   
  -0.0035  
   0.053   
  -0.0028  
   0.044   
  -0.02    
   3.5     
  -0.015   
   2       
  -0.59    
   4.7     
  -0.019   
   2.2     
  -0.67    
   4.8     
   3       
  -0.43    
   3.8     
  -8.3     

TREE_ASLEEP
  -11

XPOS
   0         0         0       
   0         0         0       
   0         0         0       
   0         0         0.27    
   0         0         0.27    
   0.28      1.9e-06   0.32    
   0.48      2e-06     0.03    
   0.48      2e-06     0.03    
   0.56      4.5e-05   0.12    
   0.62     -0.03      0.13    
   0.54      0.03      0.17    
   0.57     -0.038     0.17    
   0.57      0.007     0.17    
   0.57      0.047     0.17    
   0.61     -0.053     0.15    
   0.64     -0.038     0.13    
   0.65     -0.038     0.15    
   0.66     -0.053     0.13    
   0.68     -0.04      0.13    
   0.69     -0.054     0.12    
   0.72     -0.042     0.1     
   0.61     -0.0074    0.15    
   0.64      0.0071    0.13    
   0.65      0.0074    0.15    
   0.66     -0.0071    0.13    
   0.68      0.0076    0.13    
   0.69     -0.0069    0.12    
   0.72      0.0077    0.1     
   0.61      0.038     0.15    
   0.64      0.053     0.13    
   0.65      0.052     0.15    
   0.66      0.038     0.13    
   0.68      0.053     0.13    
   0.69      0.039     0.12    
   0.72      0.053     0.1     
   0.55     -0.029     0.16    
   0.54     -0.03      0.17    
   0.55     -0.04      0.19    
   0.53     -0.047     0.21    
   0.53     -0.078     0.2     
   0.5      -0.088     0.21    
   0.49     -0.11      0.2     
   0.65      0         0.3     

XQUAT
   1         0         0         0       
   1         0         0         0       
   1         0         0         0       
   1         0         0         3e-06   
   0.59     -0.59      0.39      0.39    
   0.7      -0.7      -0.12     -0.12    
   0.18     -0.00019   0.98     -3.8e-05 
   0.71      0.71      0.017    -0.017   
   0.71     -0.017     0.017    -0.71    
  -1e-05    -1        -0.0011    0.024   
  -1e-05    -1        -0.0011    0.024   
  -1e-05    -1        -0.0011    0.024   
  -1e-05    -1        -0.0011    0.024   
  -1e-05    -1        -0.0011    0.024   
   0.58     -0.58     -0.4      -0.4     
  -0.004    -0.98      0.019     0.18    
  -0.019    -0.18     -0.004    -0.98    
   0.4      -0.38      0.6       0.58    
   0.019     0.2       0.0037    0.98    
   0.29     -0.27      0.66      0.64    
   0.02      0.37      0.00028   0.93    
   0.58     -0.58     -0.4      -0.4     
  -0.00019  -0.98     -0.0011    0.18    
   0.0011   -0.18     -0.00019  -0.98    
   0.38     -0.39      0.59      0.59    
  -0.0011    0.21      0.00021   0.98    
   0.27     -0.27      0.65      0.65    
  -0.001     0.38      0.00041   0.93    
   0.58     -0.58     -0.4      -0.4     
  -0.00019  -0.98     -0.0011    0.18    
   0.0011   -0.18     -0.00019  -0.98    
   0.38     -0.39      0.59      0.59    
  -0.0011    0.21      0.00021   0.98    
   0.27     -0.27      0.65      0.65    
  -0.001     0.38      0.00041   0.93    
  -0.46     -0.54     -0.48     -0.51    
   0.061    -0.88     -0.48     -0.0055  
  -0.28     -0.73      0.1      -0.61    
  -0.1       0.61     -0.28     -0.73    
   0.66      0.3       0.68     -0.1     
  -0.3       0.66     -0.1      -0.68    
  -0.3       0.66     -0.1      -0.68    
   1         0         0         0       

XMAT
   1         0         0         0         1         0         0         0         1       
   1         0         0         0         1         0         0         0         1       
   1         0         0         0         1         0         0         0         1       
   1        -6e-06     0         6e-06     1         0         0         0         1       
   0.38     -0.93     -6e-06    -1.1e-06  -6.9e-06   1        -0.93     -0.38     -3.7e-06 
   0.94      0.35     -6e-06     6.9e-06  -1.4e-06   1         0.35     -0.94     -3.7e-06 
  -0.94     -0.00037   0.35     -0.0004    1        -5e-06    -0.35     -0.00014  -0.94    
   1         0.049     0.00037   0.00036   0.00016  -1        -0.049     1         0.00015 
   0.0022    1         0.049    -1         0.0022    0.00017   5.9e-05  -0.049     1       
   1         0.0022   -0.049     0.0022   -1        -7.5e-05  -0.049    -3.3e-05  -1       
   1         0.0022   -0.049     0.0022   -1        -7.5e-05  -0.049    -3.3e-05  -1       
   1         0.0022   -0.049     0.0022   -1        -7.5e-05  -0.049    -3.3e-05  -1       
   1         0.0022   -0.049     0.0022   -1        -7.5e-05  -0.049    -3.3e-05  -1       
   1         0.0022   -0.049     0.0022   -1        -7.5e-05  -0.049    -3.3e-05  -1       
   0.36      0.93     -0.0022    0.00077   0.0021    1         0.93     -0.36      3.3e-05 
   0.93     -0.037    -0.36     -0.04     -1        -0.00077  -0.36      0.015    -0.93    
  -0.93     -0.037     0.36      0.04     -1         0.00077   0.36      0.015     0.93    
  -0.4      -0.92      0.037     0.0007    0.04      1        -0.92      0.4      -0.015   
  -0.92     -0.037     0.4       0.04     -1        -0.0007    0.4       0.015     0.92    
  -0.68     -0.73      0.037     0.014     0.037     1        -0.73      0.68     -0.015   
  -0.73     -0.037     0.68      0.037    -1        -0.014     0.68      0.015     0.73    
   0.36      0.93     -0.0022    0.00077   0.0021    1         0.93     -0.36      3.3e-05 
   0.93      0.0022   -0.36      0.0021   -1        -0.00077  -0.36     -3.3e-05  -0.93    
  -0.93      0.0022    0.36     -0.0021   -1         0.00077   0.36     -3.3e-05   0.93    
  -0.41     -0.91     -0.0022   -0.00087  -0.002     1        -0.91      0.41      3.3e-05 
  -0.91      0.0022    0.41     -0.002    -1         0.00087   0.41     -3.3e-05   0.91    
  -0.7      -0.71     -0.0022   -0.0015   -0.0016    1        -0.71      0.7       3.3e-05 
  -0.71      0.0022    0.7      -0.0016   -1         0.0015    0.7      -3.3e-05   0.71    
   0.36      0.93     -0.0022    0.00077   0.0021    1         0.93     -0.36      3.3e-05 
   0.93      0.0022   -0.36      0.0021   -1        -0.00077  -0.36     -3.3e-05  -0.93    
  -0.93      0.0022    0.36     -0.0021   -1         0.00077   0.36     -3.3e-05   0.93    
  -0.41     -0.91     -0.0022   -0.00087  -0.002     1        -0.91      0.41      3.3e-05 
  -0.91      0.0022    0.41     -0.002    -1         0.00087   0.41     -3.3e-05   0.91    
  -0.7      -0.71     -0.0022   -0.0015   -0.0016    1        -0.71      0.7       3.3e-05 
  -0.71      0.0022    0.7      -0.0016   -1         0.0015    0.7      -3.3e-05   0.71    
   0.0033    0.049     1         0.99     -0.11      0.0022    0.11      0.99     -0.049   
   0.55      0.84     -0.049     0.83     -0.54      0.11      0.068    -0.1      -0.99    
   0.24     -0.49      0.84      0.19     -0.82     -0.54      0.95      0.29     -0.1     
  -0.24     -0.49     -0.84     -0.19     -0.82      0.54     -0.95      0.29      0.1     
   0.057     0.55      0.84      0.27      0.8      -0.54     -0.96      0.26     -0.1     
   0.057    -0.55     -0.84      0.27     -0.8       0.54     -0.96     -0.26      0.1     
   0.057    -0.55     -0.84      0.27     -0.8       0.54     -0.96     -0.26      0.1     
   1         0         0         0         1         0         0         0         1       

XIPOS
   0         0         0       
   0         0         0       
   0         0         0.091   
  -0.00013   0.0075    0.24    
   0.16      0.03      0.31    
   0.37      0.04      0.27    
   0.45      0.032     0.098   
   0.52     -0.009     0.039   
   0.55      3.1e-06   0.11    
   0.57      0.0084    0.15    
   0.45      0.09      0.21    
   0.53     -0.047     0.21    
   0.53      0.044     0.21    
   0.53      0.12      0.21    
   0.63     -0.037     0.12    
   0.65     -0.039     0.13    
   0.64     -0.038     0.13    
   0.68     -0.04      0.12    
   0.7      -0.017     0.14    
   0.71     -0.041     0.1     
   0.74     -0.0097    0.11    
   0.63      0.0082    0.12    
   0.65      0.0071    0.13    
   0.64      0.0077    0.13    
   0.68      0.0074    0.12    
   0.7       0.03      0.14    
   0.71      0.0077    0.1     
   0.74      0.04      0.11    
   0.63      0.054     0.12    
   0.65      0.053     0.13    
   0.64      0.051     0.13    
   0.68      0.053     0.12    
   0.7       0.076     0.14    
   0.71      0.053     0.1     
   0.74      0.085     0.11    
   0.54     -0.036     0.16    
   0.54     -0.031     0.18    
   0.53     -0.047     0.19    
   0.53     -0.074     0.2     
   0.5      -0.087     0.2     
   0.53     -0.084     0.22    
   0.53     -0.084     0.22    
   0.65      0         0.3     

XIMAT
   1         0         0         0         1         0         0         0         1       
   1         0         0         0         1         0         0         0         1       
   0.92      0.38     -0.0046   -0.38      0.92     -0.00062   0.004     0.0023    1       
   1         0.0014    0.0042   -0.0027    0.94      0.33     -0.0035   -0.33      0.94    
   0.084     0.37      0.93     -0.33      0.89     -0.32     -0.94     -0.28      0.2     
   0.52      0.54     -0.67     -0.18      0.83      0.53      0.84     -0.16      0.52    
  -0.94     -0.084     0.33      0.016     0.96      0.29     -0.34      0.27     -0.9     
   0.29      0.24      0.93     -0.96      0.058     0.28      0.013    -0.97      0.24    
   0.045     0.011    -1         0.0012    1         0.011     1        -0.0017    0.045   
  -0.033    -0.97     -0.23      0.018    -0.23      0.97     -1         0.029     0.025   
   1         0.0022   -0.049     0.0022   -1        -7.5e-05  -0.049    -3.3e-05  -1       
   1         0.0022   -0.049     0.0022   -1        -7.5e-05  -0.049    -3.3e-05  -1       
   1         0.0022   -0.049     0.0022   -1        -7.5e-05  -0.049    -3.3e-05  -1       
   1         0.0022   -0.049     0.0022   -1        -7.5e-05  -0.049    -3.3e-05  -1       
   0.41     -0.76     -0.51      0.86      0.5      -0.048     0.29     -0.42      0.86    
  -0.34     -0.0051   -0.94     -0.047    -1         0.022    -0.94      0.052     0.33    
   0.93     -0.037    -0.36     -0.04     -1        -0.00077  -0.36      0.015    -0.93    
  -0.69     -0.078    -0.72      0.063    -1         0.048    -0.72     -0.012     0.69    
  -0.037    -0.4       0.92     -1         0.0007   -0.04      0.015    -0.92     -0.4     
  -0.65     -0.037    -0.76      0.012    -1         0.038    -0.76      0.015     0.65    
  -0.037    -0.68      0.73     -1         0.014    -0.037     0.015    -0.73     -0.68    
   0.41     -0.76     -0.51      0.86      0.5      -0.048     0.29     -0.42      0.86    
  -0.33      0.034    -0.94     -0.046    -1        -0.02     -0.94      0.037     0.33    
   0.93      0.0022   -0.36      0.0021   -1        -0.00077  -0.36     -3.3e-05  -0.93    
  -0.7      -0.04     -0.72      0.047    -1         0.0097   -0.72     -0.027     0.7     
   0.0022   -0.41      0.91     -1        -0.00087   0.002    -3.3e-05  -0.91     -0.41    
  -0.67      0.0022   -0.75     -0.0015   -1        -0.0017   -0.75     -3.3e-05   0.67    
   0.0022   -0.7       0.71     -1        -0.0015    0.0016   -3.3e-05  -0.71     -0.7     
   0.41     -0.76     -0.51      0.86      0.5      -0.048     0.29     -0.42      0.86    
  -0.33      0.034    -0.94     -0.046    -1        -0.02     -0.94      0.037     0.33    
   0.93      0.0022   -0.36      0.0021   -1        -0.00077  -0.36     -3.3e-05  -0.93    
  -0.7      -0.04     -0.72      0.047    -1         0.0097   -0.72     -0.027     0.7     
   0.0022   -0.41      0.91     -1        -0.00087   0.002    -3.3e-05  -0.91     -0.41    
  -0.67      0.0022   -0.75     -0.0015   -1        -0.0017   -0.75     -3.3e-05   0.67    
   0.0022   -0.7       0.71     -1        -0.0015    0.0016   -3.3e-05  -0.71     -0.7     
   1         0.0029    0.027     0.027    -0.096    -0.99     -0.00023   1        -0.096   
   0.55     -0.049    -0.84      0.83      0.11      0.54      0.068    -0.99      0.1     
   0.3       0.81      0.5       0.15     -0.56      0.82      0.94     -0.17     -0.29    
   0.24     -0.49      0.84      0.19     -0.82     -0.54      0.95      0.29     -0.1     
  -0.18      0.82     -0.55      0.36     -0.47     -0.81     -0.91     -0.34     -0.21    
   0.057     0.55      0.84      0.27      0.8      -0.54     -0.96      0.26     -0.1     
   0.057     0.55      0.84      0.27      0.8      -0.54     -0.96      0.26     -0.1     
   1         0         0         0         1         0         0         0         1       

XANCHOR
   0         0         0.27    
   0         0         0.27    
   0.28      1.9e-06   0.32    
   0.48      2e-06     0.03    
   0.48      2e-06     0.03    
   0.56      4.5e-05   0.12    
   0.61     -0.053     0.15    
   0.64     -0.038     0.13    
   0.66     -0.053     0.13    
   0.69     -0.054     0.12    
   0.61     -0.0074    0.15    
   0.64      0.0071    0.13    
   0.66     -0.0071    0.13    
   0.69     -0.0069    0.12    
   0.61      0.038     0.15    
   0.64      0.053     0.13    
   0.66      0.038     0.13    
   0.69      0.039     0.12    
   0.55     -0.029     0.16    
   0.54     -0.03      0.17    
   0.55     -0.04      0.19    
   0.53     -0.078     0.2     

XAXIS
   0         0         1       
  -6e-06     1        -3.7e-06 
  -6e-06     1        -3.7e-06 
   0.35     -5e-06    -0.94    
   0.00037  -1         0.00015 
   0.049     0.00017   1       
   0.0022   -1        -3.3e-05 
   0.36      0.00077   0.93    
  -0.037    -1         0.015   
  -0.037    -1         0.015   
   0.0022   -1        -3.3e-05 
   0.36      0.00077   0.93    
   0.0022   -1        -3.3e-05 
   0.0022   -1        -3.3e-05 
   0.0022   -1        -3.3e-05 
   0.36      0.00077   0.93    
   0.0022   -1        -3.3e-05 
   0.0022   -1        -3.3e-05 
  -1        -0.0022    0.049   
   0.049    -0.11      0.99    
  -0.84      0.54      0.1     
  -0.84      0.54      0.1     

GEOM_XPOS
  -0.002     0.00011   0.065   
  -0.00013   0.0075    0.24    
   0.16      0.03      0.31    
   0.37      0.04      0.27    
   0.45      0.032     0.098   
   0.52     -0.009     0.039   
   0.55      3.1e-06   0.11    
   0.57      0.0084    0.15    
   0.54      0.03      0.17    
   0.57     -0.038     0.17    
   0.57      0.007     0.17    
   0.57      0.047     0.17    
   0.63     -0.037     0.12    
   0.65     -0.039     0.13    
   0.65     -0.038     0.15    
   0.68     -0.04      0.12    
   0.68     -0.04      0.13    
   0.71     -0.041     0.1     
   0.72     -0.042     0.1     
   0.63      0.0082    0.12    
   0.65      0.0071    0.13    
   0.65      0.0074    0.15    
   0.68      0.0074    0.12    
   0.68      0.0076    0.13    
   0.71      0.0077    0.1     
   0.72      0.0077    0.1     
   0.63      0.054     0.12    
   0.65      0.053     0.13    
   0.65      0.052     0.15    
   0.68      0.053     0.12    
   0.68      0.053     0.13    
   0.71      0.053     0.1     
   0.72      0.053     0.1     
   0.54     -0.036     0.16    
   0.54     -0.031     0.18    
   0.53     -0.047     0.19    
   0.53     -0.047     0.21    
   0.5      -0.087     0.2     
   0.5      -0.088     0.21    
   0.49     -0.11      0.2     
   0.65      0         0.3     

GEOM_XMAT
   0.065    -1         0.044     1         0.065    -0.0026   -0.00023   0.044     1       
   1         0.0014    0.0042   -0.0027    0.94      0.33     -0.0035   -0.33      0.94    
   0.084     0.37      0.93     -0.33      0.89     -0.32     -0.94     -0.28      0.2     
   0.52      0.54     -0.67     -0.18      0.83      0.53      0.84     -0.16      0.52    
  -0.94     -0.084     0.33      0.016     0.96      0.29     -0.34      0.27     -0.9     
   0.29      0.24      0.93     -0.96      0.058     0.28      0.013    -0.97      0.24    
   0.045     0.011    -1         0.0012    1         0.011     1        -0.0017    0.045   
  -0.033    -0.97     -0.23      0.018    -0.23      0.97     -1         0.029     0.025   
  -0.049    -1        -0.0022   -7.5e-05  -0.0022    1        -1         0.049     3.3e-05 
  -0.049    -1        -0.0022   -7.5e-05  -0.0022    1        -1         0.049     3.3e-05 
  -0.049    -1        -0.0022   -7.5e-05  -0.0022    1        -1         0.049     3.3e-05 
  -0.049    -1        -0.0022   -7.5e-05  -0.0022    1        -1         0.049     3.3e-05 
   0.41     -0.76     -0.51      0.86      0.5      -0.048     0.29     -0.42      0.86    
  -0.34     -0.0051   -0.94     -0.047    -1         0.022    -0.94      0.052     0.33    
   0.36      0.93      0.037     0.00077  -0.04      1         0.93     -0.36     -0.015   
  -0.69     -0.078    -0.72      0.063    -1         0.048    -0.72     -0.012     0.69    
   0.4       0.92      0.037    -0.0007   -0.04      1         0.92     -0.4      -0.015   
  -0.65     -0.037    -0.76      0.012    -1         0.038    -0.76      0.015     0.65    
   0.68      0.037    -0.73     -0.014     1         0.037     0.73     -0.015     0.68    
   0.41     -0.76     -0.51      0.86      0.5      -0.048     0.29     -0.42      0.86    
  -0.33      0.034    -0.94     -0.046    -1        -0.02     -0.94      0.037     0.33    
   0.36      0.93     -0.0022    0.00077   0.0021    1         0.93     -0.36      3.3e-05 
  -0.7      -0.04     -0.72      0.047    -1         0.0097   -0.72     -0.027     0.7     
   0.41      0.91     -0.0022    0.00087   0.002     1         0.91     -0.41      3.3e-05 
  -0.67      0.0022   -0.75     -0.0015   -1        -0.0017   -0.75     -3.3e-05   0.67    
   0.7      -0.0022   -0.71      0.0015    1        -0.0016    0.71      3.3e-05   0.7     
   0.41     -0.76     -0.51      0.86      0.5      -0.048     0.29     -0.42      0.86    
  -0.33      0.034    -0.94     -0.046    -1        -0.02     -0.94      0.037     0.33    
   0.36      0.93     -0.0022    0.00077   0.0021    1         0.93     -0.36      3.3e-05 
  -0.7      -0.04     -0.72      0.047    -1         0.0097   -0.72     -0.027     0.7     
   0.41      0.91     -0.0022    0.00087   0.002     1         0.91     -0.41      3.3e-05 
  -0.67      0.0022   -0.75     -0.0015   -1        -0.0017   -0.75     -3.3e-05   0.67    
   0.7      -0.0022   -0.71      0.0015    1        -0.0016    0.71      3.3e-05   0.7     
   1         0.0029    0.027     0.027    -0.096    -0.99     -0.00023   1        -0.096   
   0.55     -0.049    -0.84      0.83      0.11      0.54      0.068    -0.99      0.1     
   0.3       0.81      0.5       0.15     -0.56      0.82      0.94     -0.17     -0.29    
  -0.24     -0.49     -0.84     -0.19     -0.82      0.54     -0.95      0.29      0.1     
  -0.18      0.82     -0.55      0.36     -0.47     -0.81     -0.91     -0.34     -0.21    
   0.057    -0.55     -0.84      0.27     -0.8       0.54     -0.96     -0.26      0.1     
   0.057    -0.84      0.55      0.27      0.54      0.8      -0.96      0.1       0.26    
   1         0         0         0         1         0         0         0         1       

SUBTREE_COM
   0.23      0.019     0.24    
   0.21      0.02      0.23    
   0.21      0.02      0.23    
   0.25      0.024     0.26    
   0.27      0.025     0.26    
   0.49      0.017     0.16    
   0.54      0.008     0.11    
   0.57     -0.0015    0.11    
   0.59      0.0015    0.14    
   0.6       0.0016    0.14    
   0.45      0.09      0.21    
   0.53     -0.047     0.21    
   0.53      0.044     0.21    
   0.53      0.12      0.21    
   0.66     -0.039     0.12    
   0.68     -0.04      0.12    
   0.64     -0.038     0.13    
   0.69     -0.04      0.11    
   0.7      -0.017     0.14    
   0.71     -0.041     0.1     
   0.74     -0.0097    0.11    
   0.66      0.0077    0.12    
   0.68      0.0074    0.12    
   0.64      0.0077    0.13    
   0.69      0.0075    0.11    
   0.7       0.03      0.14    
   0.71      0.0077    0.1     
   0.74      0.04      0.11    
   0.66      0.053     0.12    
   0.68      0.053     0.12    
   0.64      0.051     0.13    
   0.69      0.053     0.11    
   0.7       0.076     0.14    
   0.71      0.053     0.1     
   0.74      0.085     0.11    
   0.52     -0.058     0.19    
   0.52     -0.064     0.19    
   0.52     -0.068     0.19    
   0.53     -0.074     0.2     
   0.5      -0.087     0.2     
   0.53     -0.084     0.22    
   0.53     -0.084     0.22    
   0.65      0         0.3     

CDOF
   0         0         1        -0.02      0.21      0       
  -6e-06     1        -3.7e-06  -0.033    -9.8e-07  -0.21    
  -6e-06     1        -3.7e-06  -0.091    -2.8e-07   0.072   
   0.35     -5e-06    -0.94      0.019     0.18      0.0071  
   0.00037  -1         0.00015  -0.2      -0.00011  -0.26    
   0.049     0.00017   1        -0.02     -0.35      0.001   
   0.0022   -1        -3.3e-05  -0.082    -0.00017  -0.4     
   0.36      0.00077   0.93     -0.055    -0.44      0.022   
  -0.037    -1         0.015    -0.1      -0.0031   -0.45    
  -0.037    -1         0.015    -0.12     -0.0031   -0.48    
   0.0022   -1        -3.3e-05  -0.082    -0.00017  -0.4     
   0.36      0.00077   0.93     -0.012    -0.44      0.0052  
   0.0022   -1        -3.3e-05  -0.1      -0.00021  -0.45    
   0.0022   -1        -3.3e-05  -0.11     -0.00024  -0.48    
   0.0022   -1        -3.3e-05  -0.082    -0.00017  -0.4     
   0.36      0.00077   0.93      0.03     -0.44     -0.011   
   0.0022   -1        -3.3e-05  -0.1      -0.00021  -0.45    
   0.0022   -1        -3.3e-05  -0.11     -0.00024  -0.48    
  -1        -0.0022    0.049    -0.0026    0.059    -0.05    
   0.049    -0.11      0.99     -0.057    -0.33     -0.034   
  -0.84      0.54      0.1       0.018     0.0038    0.13    
  -0.84      0.54      0.1       0.0074   -0.005     0.087   

CINERT
   0         0         0         0         0         0         0         0         0         0       
   0         0         0         0         0         0        -0        -0        -0         0       
   0.061     0.18      0.12     -0.012    -0.081    -0.0079   -0.57     -0.055    -0.38      2.7     
   0.0042    0.063     0.062    -0.0037    0.0018   -0.0003   -0.28     -0.017     0.0085    1.3     
   0.091     0.18      0.13      0.03      0.027     2.9e-05  -0.53      0.088     0.77      9.5     
   0.0075    0.042     0.041    -0.0028   -0.0072   -0.0025    0.22      0.029     0.058     1.5     
   0.023     0.081     0.06     -0.0031    0.034     0.0025    0.24      0.011    -0.14      1       
   0.029     0.1       0.073     0.0064    0.044    -0.0042    0.23     -0.021    -0.14      0.72    
   0.0022    0.018     0.016     0.00096   0.0058   -0.00034   0.047    -0.0028   -0.017     0.14    
   0.0083    0.13      0.12      0.0041    0.03     -0.001     0.34     -0.011    -0.082     0.95    
   0         0         0         0         0         0         0         0        -0         0       
   0         0         0         0         0         0         0        -0        -0         0       
   0         0         0         0         0         0         0         0        -0         0       
   0         0         0         0         0         0         0         0        -0         0       
   0.0011    0.014     0.013     0.0017    0.0033   -0.00045   0.03     -0.0041   -0.0078    0.072   
   0.00047   0.0071    0.0068    0.0009    0.0015   -0.0002    0.015    -0.002    -0.0035    0.034   
   0         0         0         0         0         0         0        -0        -0         0       
   0.00088   0.012     0.012     0.0015    0.0028   -0.00036   0.024    -0.0031   -0.006     0.052   
   0         0         0         0         0         0         0        -0        -0         0       
   0.00062   0.008     0.0076    0.00091   0.0019   -0.00024   0.015    -0.0018   -0.0039    0.03    
   0         0         0         0         0         0         0        -0        -0         0       
   0.00089   0.014     0.013     0.00037   0.0033   -9.5e-05   0.03     -0.00088  -0.0078    0.072   
   0.00036   0.0071    0.0067    0.0002    0.0015   -4.6e-05   0.015    -0.00046  -0.0035    0.034   
   0         0         0         0         0         0         0        -0        -0         0       
   0.00071   0.012     0.012     0.00032   0.0028   -7.8e-05   0.024    -0.00068  -0.006     0.052   
   0         0         0         0         0         0         0         0        -0         0       
   0.00052   0.0079    0.0074    0.00019   0.0019   -5e-05     0.015    -0.00038  -0.0039    0.03    
   0         0         0         0         0         0         0         0        -0         0       
   0.00096   0.014     0.013    -0.001     0.0033    0.00026   0.03      0.0024   -0.0078    0.072   
   0.00038   0.0071    0.0067   -0.00049   0.0015    0.00011   0.015     0.0011   -0.0035    0.034   
   0         0         0         0         0         0         0         0        -0         0       
   0.00075   0.012     0.012    -0.00079   0.0028    0.00019   0.024     0.0017   -0.006     0.052   
   0         0         0         0         0         0         0         0        -0         0       
   0.00054   0.0079    0.0075   -0.00049   0.0019    0.00013   0.015     0.00098  -0.0039    0.03    
   0         0         0         0         0         0         0         0        -0         0       
   0.00031   0.0039    0.0038    0.00063   0.00086  -0.00015   0.011    -0.0019   -0.0026    0.034   
   7.9e-05   0.0015    0.0015    0.00024   0.00024  -3.9e-05   0.0046   -0.00074  -0.00075   0.014   
   0.00036   0.0057    0.0058    0.0012    0.00072  -0.00015   0.018    -0.0038   -0.0023    0.056   
   0         0         0         0         0         0         0        -0        -0         0       
   0.00077   0.0051    0.0057    0.0018    0.00063  -0.00024   0.017    -0.0063   -0.0022    0.059   
   0         0         0         0         0         0         0        -0        -0         0       
   0         0         0         0         0         0         0        -0        -0         0       
   0.0058    0.0058    0.0058    0         0         0         0         0         0         1       

ACTUATOR_LENGTH
  -0.32    
  -0.042   
  -0.037   
  -0.34    
  -0.32    
  -4.8e-07 
  -0.049   
  -0.36    
  -0.32    
  -2.9e-07 
  -0.049   
  -0.36    
   1.5     
   1       
  -1.2     
  -0.55    

actuator_moment
------------------------
       x                |
        x               |
         x              |
          x             |
           x            |
            x           |
             x          |
              x         |
               x        |
                x       |
                 x      |
                  x     |
                   x    |
                    x   |
                     x  |
                      x |
------------------------

ACTUATOR_MOMENT
     6:  1       
     7:  1       
     8:  1       
     9:  1       
    10:  1       
    11:  1       
    12:  1       
    13:  1       
    14:  1       
    15:  1       
    16:  1       
    17:  1       
    18:  1       
    19:  1       
    20:  1       
    21:  1       

CRB
   0         0         0         0         0         0         0         0         0         0       
   0.24      0.94      0.76      0.027     0.085    -0.015     3.3e-16  -6.9e-17   2.2e-16   19      
   0.24      0.94      0.76      0.027     0.085    -0.015     3.3e-16  -6.9e-17   2.2e-16   19      
   0.17      0.76      0.64      0.039     0.17     -0.0072    0.57      0.055     0.38      16      
   0.17      0.69      0.58      0.042     0.16     -0.0069    0.85      0.072     0.38      15      
   0.08      0.51      0.45      0.013     0.14     -0.007     1.4      -0.015    -0.39      5       
   0.072     0.47      0.41      0.016     0.14     -0.0045    1.2      -0.044    -0.45      3.6     
   0.049     0.39      0.34      0.019     0.11     -0.0069    0.92     -0.056    -0.31      2.5     
   0.02      0.29      0.27      0.012     0.067    -0.0028    0.69     -0.034    -0.17      1.8     
   0.018     0.27      0.26      0.011     0.061    -0.0024    0.64     -0.031    -0.15      1.7     
   0         0         0         0         0         0         0         0        -0         0       
   0         0         0         0         0         0         0        -0        -0         0       
   0         0         0         0         0         0         0         0        -0         0       
   0         0         0         0         0         0         0         0        -0         0       
   0.0031    0.041     0.039     0.005     0.0096   -0.0013    0.085    -0.011    -0.021     0.19    
   0.002     0.027     0.026     0.0033    0.0063   -0.0008    0.055    -0.007    -0.013     0.12    
   0         0         0         0         0         0         0        -0        -0         0       
   0.0015    0.02      0.019     0.0024    0.0047   -0.0006    0.039    -0.005    -0.0098    0.082   
   0         0         0         0         0         0         0        -0        -0         0       
   0.00062   0.008     0.0076    0.00091   0.0019   -0.00024   0.015    -0.0018   -0.0039    0.03    
   0         0         0         0         0         0         0        -0        -0         0       
   0.0025    0.041     0.038     0.0011    0.0096   -0.00027   0.085    -0.0024   -0.021     0.19    
   0.0016    0.027     0.026     0.00071   0.0063   -0.00017   0.055    -0.0015   -0.013     0.12    
   0         0         0         0         0         0         0        -0        -0         0       
   0.0012    0.02      0.019     0.00051   0.0048   -0.00013   0.039    -0.0011   -0.0099    0.082   
   0         0         0         0         0         0         0         0        -0         0       
   0.00052   0.0079    0.0074    0.00019   0.0019   -5e-05     0.015    -0.00038  -0.0039    0.03    
   0         0         0         0         0         0         0         0        -0         0       
   0.0026    0.041     0.038    -0.0028    0.0096    0.00069   0.085     0.0061   -0.021     0.19    
   0.0017    0.027     0.026    -0.0018    0.0063    0.00043   0.055     0.0038   -0.013     0.12    
   0         0         0         0         0         0         0         0        -0         0       
   0.0013    0.02      0.019    -0.0013    0.0048    0.00032   0.039     0.0027   -0.0099    0.082   
   0         0         0         0         0         0         0         0        -0         0       
   0.00054   0.0079    0.0075   -0.00049   0.0019    0.00013   0.015     0.00098  -0.0039    0.03    
   0         0         0         0         0         0         0         0        -0         0       
   0.0015    0.016     0.017     0.0039    0.0024   -0.00057   0.051    -0.013    -0.0078    0.16    
   0.0012    0.012     0.013     0.0033    0.0016   -0.00043   0.039    -0.011    -0.0052    0.13    
   0.0011    0.011     0.012     0.003     0.0013   -0.00039   0.035    -0.01     -0.0044    0.11    
   0         0         0         0         0         0         0        -0        -0         0       
   0.00077   0.0051    0.0057    0.0018    0.00063  -0.00024   0.017    -0.0063   -0.0022    0.059   
   0         0         0         0         0         0         0        -0        -0         0       
   0         0         0         0         0         0         0        -0        -0         0       
   0.0058    0.0058    0.0058    0         0         0         0         0         0         1       

QM
   1.6     
  -0.0023    1.7     
   0.009     0.69      0.45    
  -0.19     -0.01     -0.0089    0.052   
  -0.00021  -0.13     -0.044     0.00054   0.056   
   0.047     0.00071   0.00089  -0.017    -0.00015   0.01    
   0.00023  -0.0075   -0.0051   -0.00035   0.0015    0.00021   0.0009  
   0.0032    2e-05    -6.4e-06  -0.0011   -2.6e-05   0.00065   1.2e-06   0.00026 
   5.2e-05  -0.0021   -0.0015   -9.4e-05   0.00047   5.7e-05   0.00031  -1.1e-07   0.00015 
   1.2e-05  -0.00042  -0.00031  -2.1e-05   8.7e-05   1.5e-05   7.4e-05  -9.1e-08   4.2e-05   2e-05   
  -3.7e-05  -0.0075   -0.0051    6.5e-05   0.0015   -4e-05                                             0.0009  
   0.0032   -3.2e-07   2.9e-06  -0.0011    3.4e-06   0.00064                                          -1.2e-07   0.00026 
  -9.9e-06  -0.0021   -0.0014    1.8e-05   0.00046  -1.1e-05                                           0.00031  -1.2e-07   0.00015 
  -2.7e-06  -0.00041  -0.00031   4.2e-06   8.4e-05  -3.1e-06                                           7.4e-05  -9.7e-08   4.2e-05   2e-05   
  -0.0003   -0.0075   -0.0051    0.00046   0.0015   -0.00028                                                                                   0.0009  
   0.0032   -3.2e-07   2.9e-06  -0.0011    3.4e-06   0.00064                                                                                  -1.2e-07   0.00026 
  -8.5e-05  -0.0021   -0.0014    0.00013   0.00046  -8e-05                                                                                     0.00031  -1.2e-07   0.00015 
  -2.3e-05  -0.00041  -0.00031   3.1e-05   8.4e-05  -2.2e-05                                                                                   7.4e-05  -9.7e-08   4.2e-05   2e-05   
   0.0023   -0.0024   -0.0011   -0.00057   0.00012  -0.00019                                                                                                                           0.0004  
  -0.00091  -4.5e-05  -0.00041  -9.5e-05  -0.00066   0.00048                                                                                                                          -0.0001    0.00029 
   0.00019  -0.0024   -0.0011   -0.00022   1.4e-05   2.9e-05                                                                                                                           0.00027   2.5e-07   0.0003  
  -0.00019  -0.00056  -0.00023  -3e-06     3.7e-05   8.5e-06                                                                                                                           7e-05    -3e-07     9.2e-05   4.6e-05 

M
     0:  1.6     
     0: -0.0023     1:  1.7     
     0:  0.009      1:  0.69       2:  0.45    
     0: -0.19       1: -0.01       2: -0.0089     3:  0.052   
     0: -0.00021    1: -0.13       2: -0.044      3:  0.00054    4:  0.056   
     0:  0.047      1:  0.00071    2:  0.00089    3: -0.017      4: -0.00015    5:  0.01    
     0:  0.00023    1: -0.0075     2: -0.0051     3: -0.00035    4:  0.0015     5:  0.00021    6:  0.0009  
     0:  0.0032     1:  2e-05      2: -6.4e-06    3: -0.0011     4: -2.6e-05    5:  0.00065    6:  1.2e-06    7:  0.00026 
     0:  5.2e-05    1: -0.0021     2: -0.0015     3: -9.4e-05    4:  0.00047    5:  5.7e-05    6:  0.00031    7: -1.1e-07    8:  0.00015 
     0:  1.2e-05    1: -0.00042    2: -0.00031    3: -2.1e-05    4:  8.7e-05    5:  1.5e-05    6:  7.4e-05    7: -9.1e-08    8:  4.2e-05    9:  2e-05   
     0: -3.7e-05    1: -0.0075     2: -0.0051     3:  6.5e-05    4:  0.0015     5: -4e-05     10:  0.0009  
     0:  0.0032     1: -3.2e-07    2:  2.9e-06    3: -0.0011     4:  3.4e-06    5:  0.00064   10: -1.2e-07   11:  0.00026 
     0: -9.9e-06    1: -0.0021     2: -0.0014     3:  1.8e-05    4:  0.00046    5: -1.1e-05   10:  0.00031   11: -1.2e-07   12:  0.00015 
     0: -2.7e-06    1: -0.00041    2: -0.00031    3:  4.2e-06    4:  8.4e-05    5: -3.1e-06   10:  7.4e-05   11: -9.7e-08   12:  4.2e-05   13:  2e-05   
     0: -0.0003     1: -0.0075     2: -0.0051     3:  0.00046    4:  0.0015     5: -0.00028   14:  0.0009  
     0:  0.0032     1: -3.2e-07    2:  2.9e-06    3: -0.0011     4:  3.4e-06    5:  0.00064   14: -1.2e-07   15:  0.00026 
     0: -8.5e-05    1: -0.0021     2: -0.0014     3:  0.00013    4:  0.00046    5: -8e-05     14:  0.00031   15: -1.2e-07   16:  0.00015 
     0: -2.3e-05    1: -0.00041    2: -0.00031    3:  3.1e-05    4:  8.4e-05    5: -2.2e-05   14:  7.4e-05   15: -9.7e-08   16:  4.2e-05   17:  2e-05   
     0:  0.0023     1: -0.0024     2: -0.0011     3: -0.00057    4:  0.00012    5: -0.00019   18:  0.0004  
     0: -0.00091    1: -4.5e-05    2: -0.00041    3: -9.5e-05    4: -0.00066    5:  0.00048   18: -0.0001    19:  0.00029 
     0:  0.00019    1: -0.0024     2: -0.0011     3: -0.00022    4:  1.4e-05    5:  2.9e-05   18:  0.00027   19:  2.5e-07   20:  0.0003  
     0: -0.00019    1: -0.00056    2: -0.00023    3: -3e-06      4:  3.7e-05    5:  8.5e-06   18:  7e-05     19: -3e-07     20:  9.2e-05   21:  4.6e-05 

QLD
     0:  0.87    
     0: -0.0071     1:  0.56    
     0: -0.087      1:  1.5        2:  0.34    
     0: -4.6        1: -0.39       2: -0.34       3:  0.021   
     0: -0.13       1: -1.9        2: -0.41       3:  0.032      4:  0.047   
     0:  5.3        1: -0.023      2:  0.19       3: -1.8        4:  0.24       5:  0.0048  
     0:  0.45       1: -12         2: -8.2        3: -0.6        4:  2          5:  0.36       6:  0.00023 
     0:  12         1:  0.075      2: -0.026      3: -4.1        4: -0.098      5:  2.5        6:  0.0049     7:  0.00026 
     0:  0.44       1: -20         2: -13         3: -0.78       4:  4.6        5:  0.4        6:  2.5        7:  0.0013     8:  6.2e-05 
     0:  0.59       1: -21         2: -15         3: -1.1        4:  4.4        5:  0.77       6:  3.7        7: -0.0046     8:  2.1        9:  2e-05   
     0: -0.072      1: -12         2: -8.2        3:  0.12       4:  2          5: -0.077     10:  0.00023 
     0:  12         1: -0.0028     2:  0.0095     3: -4.1        4:  0.013      5:  2.4       10:  0.00013   11:  0.00026 
     0: -0.067      1: -20         2: -13         3:  0.14       4:  4.6        5: -0.072     10:  2.5       11:  0.0013    12:  6.2e-05 
     0: -0.14       1: -21         2: -15         3:  0.21       4:  4.2        5: -0.15      10:  3.7       11: -0.0049    12:  2.1       13:  2e-05   
     0: -0.53       1: -12         2: -8.2        3:  0.81       4:  2          5: -0.49      14:  0.00023 
     0:  12         1: -0.0028     2:  0.0095     3: -4.1        4:  0.013      5:  2.4       14:  0.00013   15:  0.00026 
     0: -0.59       1: -20         2: -13         3:  1          4:  4.6        5: -0.54      14:  2.5       15:  0.0013    16:  6.2e-05 
     0: -1.2        1: -21         2: -15         3:  1.5        4:  4.2        5: -1.1       14:  3.7       15: -0.0049    16:  2.1       17:  2e-05   
     0:  16         1:  0.0011     2: -0.71       3: -3.5        4: -1          5: -0.44      18:  9.7e-05 
     0: -3.1        1: -0.13       2: -1.4        3: -0.32       4: -2.3        5:  1.6       18: -0.36      19:  0.00029 
     0:  5.3        1: -12         2: -6.1        3: -1.9        4: -0.55       5:  0.1       18:  1.2       19:  0.0077    20:  0.00011 
     0: -4.3        1: -12         2: -5          3: -0.067      4:  0.82       5:  0.19      18:  1.5       19: -0.0067    20:  2         21:  4.6e-05 

QLDIAGINV
   1.1     
   1.8     
   2.9     
   47      
   21      
   2.1e+02 
   4.3e+03 
   3.8e+03 
   1.6e+04 
   5e+04   
   4.3e+03 
   3.8e+03 
   1.6e+04 
   5e+04   
   4.3e+03 
   3.8e+03 
   1.6e+04 
   5e+04   
   1e+04   
   3.4e+03 
   9e+03   
   2.2e+04 

M: inertia structure
------------------------
 x                      |
 xx                     |
 xxx                    |
 xxxx                   |
 xxxxx                  |
 xxxxxx                 |
 xxxxxxx                |
 xxxxxxxx               |
 xxxxxxxxx              |
 xxxxxxxxxx             |
 xxxxxx    x            |
 xxxxxx    xx           |
 xxxxxx    xxx          |
 xxxxxx    xxxx         |
 xxxxxx        x        |
 xxxxxx        xx       |
 xxxxxx        xxx      |
 xxxxxx        xxxx     |
 xxxxxx            x    |
 xxxxxx            xx   |
 xxxxxx            xxx  |
 xxxxxx            xxxx |
------------------------

iM: block-diagonal inertia (nnzs are island ids)
------------------------
 0                      |
 00                     |
 000                    |
 0000                   |
 00000                  |
 000000                 |
 0000000                |
 00000000               |
 000000000              |
 0000000000             |
 000000    0            |
 000000    00           |
 000000    000          |
 000000    0000         |
 000000        0        |
 000000        00       |
 000000        000      |
 000000        0000     |
 000000            0    |
 000000            00   |
 000000            000  |
 000000            0000 |
------------------------

TREE_AWAKE
  1

BODY_AWAKE
  -1 1 1 1 1 1 1 1 1 1 1 1 1 1 1 1 1 1 1 1 1 1 1 1 1 1 1 1 1 1 1 1 1 1 1 1 1 1 1 1 1 1 1

BODY_AWAKE_IND
  0 1 2 3 4 5 6 7 8 9 10 11 12 13 14 15 16 17 18 19 20 21 22 23 24 25 26 27 28 29 30 31 32 33 34 35 36 37 38 39 40 41 42

PARENT_AWAKE_IND
  1 2 3 4 5 6 7 8 9 10 11 12 13 14 15 16 17 18 19 20 21 22 23 24 25 26 27 28 29 30 31 32 33 34 35 36 37 38 39 40 41 42

DOF_AWAKE_IND
  0 1 2 3 4 5 6 7 8 9 10 11 12 13 14 15 16 17 18 19 20 21

CONTACT
  0:
     dim           3
     geoms         robot/palm_lower_collision : robot/thumb_pip_geom
     exclude       0
     efc_address   15
     solref         0.02      1       
     solimp         0.99      0.99      0.003     0.5       2       
     dist          -3.3e-05 
     includemargin  0       
     pos            0.55     -0.04      0.17    
     frame         -0.028    -0.063     1        -0.0018    1         0.063    -1         0        -0.028   
     friction       1         1         0.005     0.0001    0.0001  
     mu             1       
     force          4.3      -0.99     -0.17      0         0         0       
  1:
     dim           3
     geoms         robot/mcp_joint_geom : robot/dip_geom
     exclude       0
     efc_address   19
     solref         0.02      1       
     solimp         0.99      0.99      0.003     0.5       2       
     dist          -5.3e-05 
     includemargin  0       
     pos            0.66     -0.047     0.12    
     frame          0.81     -0.021     0.58      0.017     1         0.012    -0.58      0         0.81    
     friction       1         1         0.005     0.0001    0.0001  
     mu             1       
     force          1.5      -0.032     0.0066    0         0         0       
  2:
     dim           3
     geoms         robot/mcp_joint_2_geom : robot/dip_2_geom
     exclude       0
     efc_address   23
     solref         0.02      1       
     solimp         0.99      0.99      0.003     0.5       2       
     dist          -5.6e-05 
     includemargin  0       
     pos            0.66     -0.0017    0.12    
     frame          0.82      0.0018    0.57     -0.0015    1        -0.001    -0.57     -1.1e-19   0.82    
     friction       1         1         0.005     0.0001    0.0001  
     mu             1       
     force          1.6      -0.28      0.057     0         0         0       
  3:
     dim           3
     geoms         robot/mcp_joint_3_geom : robot/dip_3_geom
     exclude       0
     efc_address   27
     solref         0.02      1       
     solimp         0.99      0.99      0.003     0.5       2       
     dist          -5.8e-05 
     includemargin  0       
     pos            0.66      0.044     0.12    
     frame          0.82      0.0018    0.57     -0.0015    1        -0.001    -0.57     -2.2e-19   0.82    
     friction       1         1         0.005     0.0001    0.0001  
     mu             1       
     force          1.6      -0.28      0.056     0         0         0       

EFC_TYPE
  1
  1
  1
  1
  1
  1
  3
  3
  3
  3
  3
  3
  3
  3
  3
  6
  6
  6
  6
  6
  6
  6
  6
  6
  6
  6
  6
  6
  6
  6
  6

EFC_ID
  0
  1
  2
  3
  4
  5
  1
  2
  3
  4
  5
  6
  10
  14
  20
  0
  0
  0
  0
  1
  1
  1
  1
  2
  2
  2
  2
  3
  3
  3
  3

EFC_J
   1         0         0         0         0         0         0         0         0         0         0         0         0         0         0         0         0         0         0         0         0         0       
   0         1         0         0         0         0         0         0         0         0         0         0         0         0         0         0         0         0         0         0         0         0       
   0         0         1         0         0         0         0         0         0         0         0         0         0         0         0         0         0         0         0         0         0         0       
   0         0         0         1         0         0         0         0         0         0         0         0         0         0         0         0         0         0         0         0         0         0       
   0         0         0         0         1         0         0         0         0         0         0         0         0         0         0         0         0         0         0         0         0         0       
   0         0         0         0         0         1         0         0         0         0         0         0         0         0         0         0         0         0         0         0         0         0       
   0        -1         0         0         0         0         0         0         0         0         0         0         0         0         0         0         0         0         0         0         0         0       
   0         0        -1         0         0         0         0         0         0         0         0         0         0         0         0         0         0         0         0         0         0         0       
   0         0         0         1         0         0         0         0         0         0         0         0         0         0         0         0         0         0         0         0         0         0       
   0         0         0         0         1         0         0         0         0         0         0         0         0         0         0         0         0         0         0         0         0         0       
   0         0         0         0         0        -1         0         0         0         0         0         0         0         0         0         0         0         0         0         0         0         0       
   0         0         0         0         0         0         1         0         0         0         0         0         0         0         0         0         0         0         0         0         0         0       
   0         0         0         0         0         0         0         0         0         0         1         0         0         0         0         0         0         0         0         0         0         0       
   0         0         0         0         0         0         0         0         0         0         0         0         0         0         1         0         0         0         0         0         0         0       
   0         0         0         0         0         0         0         0         0         0         0         0         0         0         0         0         0         0         0         0         1         0       
   0         0         0         0         0         0         0         0         0         0         0         0         0         0         0         0         0         0         0.025     0.013     0         0       
   0         0         0         0         0         0         0         0         0         0         0         0         0         0         0         0         0         0        -0.003    -0.013     0         0       
   0         0         0         0         0         0         0         0         0         0         0         0         0         0         0         0         0         0         0.01     -0.01      0         0       
   0         0         0         0         0         0         0         0         0         0         0         0         0         0         0         0         0         0         0.012     0.01      0         0       
   0         0         0         0         0         0         0         0.029     0.016     0         0         0         0         0         0         0         0         0         0         0         0         0       
   0         0         0         0         0         0         0        -0.02      0.017     0         0         0         0         0         0         0         0         0         0         0         0         0       
   0         0         0         0         0         0         0        -0.0031    0.0088    0         0         0         0         0         0         0         0         0         0         0         0         0       
   0         0         0         0         0         0         0         0.012     0.025     0         0         0         0         0         0         0         0         0         0         0         0         0       
   0         0         0         0         0         0         0         0         0         0         0         0.029     0.017     0         0         0         0         0         0         0         0         0       
   0         0         0         0         0         0         0         0         0         0         0        -0.019     0.017     0         0         0         0         0         0         0         0         0       
   0         0         0         0         0         0         0         0         0         0         0        -0.0024    0.0086    0         0         0         0         0         0         0         0         0       
   0         0         0         0         0         0         0         0         0         0         0         0.012     0.024     0         0         0         0         0         0         0         0         0       
   0         0         0         0         0         0         0         0         0         0         0         0         0         0         0         0.029     0.017     0         0         0         0         0       
   0         0         0         0         0         0         0         0         0         0         0         0         0         0         0        -0.019     0.017     0         0         0         0         0       
   0         0         0         0         0         0         0         0         0         0         0         0         0         0         0        -0.0024    0.0086    0         0         0         0         0       
   0         0         0         0         0         0         0         0         0         0         0         0         0         0         0         0.012     0.024     0         0         0         0         0       

IEFC_J
   1         0         0         0         0         0         0         0         0         0         0         0         0         0         0         0         0         0         0         0         0         0       
   0         1         0         0         0         0         0         0         0         0         0         0         0         0         0         0         0         0         0         0         0         0       
   0         0         1         0         0         0         0         0         0         0         0         0         0         0         0         0         0         0         0         0         0         0       
   0         0         0         1         0         0         0         0         0         0         0         0         0         0         0         0         0         0         0         0         0         0       
   0         0         0         0         1         0         0         0         0         0         0         0         0         0         0         0         0         0         0         0         0         0       
   0         0         0         0         0         1         0         0         0         0         0         0         0         0         0         0         0         0         0         0         0         0       
   0        -1         0         0         0         0         0         0         0         0         0         0         0         0         0         0         0         0         0         0         0         0       
   0         0        -1         0         0         0         0         0         0         0         0         0         0         0         0         0         0         0         0         0         0         0       
   0         0         0         1         0         0         0         0         0         0         0         0         0         0         0         0         0         0         0         0         0         0       
   0         0         0         0         1         0         0         0         0         0         0         0         0         0         0         0         0         0         0         0         0         0       
   0         0         0         0         0        -1         0         0         0         0         0         0         0         0         0         0         0         0         0         0         0         0       
   0         0         0         0         0         0         1         0         0         0         0         0         0         0         0         0         0         0         0         0         0         0       
   0         0         0         0         0         0         0         0         0         0         1         0         0         0         0         0         0         0         0         0         0         0       
   0         0         0         0         0         0         0         0         0         0         0         0         0         0         1         0         0         0         0         0         0         0       
   0         0         0         0         0         0         0         0         0         0         0         0         0         0         0         0         0         0         0         0         1         0       
   0         0         0         0         0         0         0         0         0         0         0         0         0         0         0         0         0         0         0.025     0.013     0         0       
   0         0         0         0         0         0         0         0         0         0         0         0         0         0         0         0         0         0        -0.003    -0.013     0         0       
   0         0         0         0         0         0         0         0         0         0         0         0         0         0         0         0         0         0         0.01     -0.01      0         0       
   0         0         0         0         0         0         0         0         0         0         0         0         0         0         0         0         0         0         0.012     0.01      0         0       
   0         0         0         0         0         0         0         0.029     0.016     0         0         0         0         0         0         0         0         0         0         0         0         0       
   0         0         0         0         0         0         0        -0.02      0.017     0         0         0         0         0         0         0         0         0         0         0         0         0       
   0         0         0         0         0         0         0        -0.0031    0.0088    0         0         0         0         0         0         0         0         0         0         0         0         0       
   0         0         0         0         0         0         0         0.012     0.025     0         0         0         0         0         0         0         0         0         0         0         0         0       
   0         0         0         0         0         0         0         0         0         0         0         0.029     0.017     0         0         0         0         0         0         0         0         0       
   0         0         0         0         0         0         0         0         0         0         0        -0.019     0.017     0         0         0         0         0         0         0         0         0       
   0         0         0         0         0         0         0         0         0         0         0        -0.0024    0.0086    0         0         0         0         0         0         0         0         0       
   0         0         0         0         0         0         0         0         0         0         0         0.012     0.024     0         0         0         0         0         0         0         0         0       
   0         0         0         0         0         0         0         0         0         0         0         0         0         0         0         0.029     0.017     0         0         0         0         0       
   0         0         0         0         0         0         0         0         0         0         0         0         0         0         0        -0.019     0.017     0         0         0         0         0       
   0         0         0         0         0         0         0         0         0         0         0         0         0         0         0        -0.0024    0.0086    0         0         0         0         0       
   0         0         0         0         0         0         0         0         0         0         0         0         0         0         0         0.012     0.024     0         0         0         0         0       

EFC_POS
   0       
   0       
   0       
   0       
   0       
   0       
  -0.0017  
  -0.00099 
  -0.0004  
  -0.0044  
  -6.2e-05 
  -0.0086  
  -0.0083  
  -0.0083  
  -0.012   
  -3.3e-05 
  -3.3e-05 
  -3.3e-05 
  -3.3e-05 
  -5.3e-05 
  -5.3e-05 
  -5.3e-05 
  -5.3e-05 
  -5.6e-05 
  -5.6e-05 
  -5.6e-05 
  -5.6e-05 
  -5.8e-05 
  -5.8e-05 
  -5.8e-05 
  -5.8e-05 

EFC_MARGIN
   0       
   0       
   0       
   0       
   0       
   0       
   0       
   0       
   0       
   0       
   0       
   0       
   0       
   0       
   0       
   0       
   0       
   0       
   0       
   0       
   0       
   0       
   0       
   0       
   0       
   0       
   0       
   0       
   0       
   0       
   0       

EFC_FRICTIONLOSS
   1       
   1       
   1       
   1       
   1       
   1       
   0       
   0       
   0       
   0       
   0       
   0       
   0       
   0       
   0       
   0       
   0       
   0       
   0       
   0       
   0       
   0       
   0       
   0       
   0       
   0       
   0       
   0       
   0       
   0       
   0       

EFC_DIAGAPPROX
   11      
   2.2     
   4.9     
   1.3e+02 
   91      
   2.8e+02 
   2.2     
   4.9     
   1.3e+02 
   91      
   2.8e+02 
   4.5e+03 
   4.4e+03 
   4.4e+03 
   1.3e+04 
   5.2     
   5.2     
   5.2     
   5.2     
   37      
   37      
   37      
   37      
   36      
   36      
   36      
   36      
   37      
   37      
   37      
   37      

EFC_KBIP
   0         1.1e+02   0.9       0       
   0         1.1e+02   0.9       0       
   0         1.1e+02   0.9       0       
   0         1.1e+02   0.9       0       
   0         1.1e+02   0.9       0       
   0         1.1e+02   0.9       0       
   2.8e+03   1.1e+02   0.95      0       
   2.8e+03   1.1e+02   0.95     -1.6     
   2.8e+03   1.1e+02   0.92     -79      
   2.8e+03   1.1e+02   0.95      0       
   2.8e+03   1.1e+02   0.9      -12      
   2.8e+03   1.1e+02   0.95      0       
   2.8e+03   1.1e+02   0.95      0       
   2.8e+03   1.1e+02   0.95      0       
   2.8e+03   1.1e+02   0.95      0       
   2.6e+03   1e+02     0.99      0       
   2.6e+03   1e+02     0.99      0       
   2.6e+03   1e+02     0.99      0       
   2.6e+03   1e+02     0.99      0       
   2.6e+03   1e+02     0.99      0       
   2.6e+03   1e+02     0.99      0       
   2.6e+03   1e+02     0.99      0       
   2.6e+03   1e+02     0.99      0       
   2.6e+03   1e+02     0.99      0       
   2.6e+03   1e+02     0.99      0       
   2.6e+03   1e+02     0.99      0       
   2.6e+03   1e+02     0.99      0       
   2.6e+03   1e+02     0.99      0       
   2.6e+03   1e+02     0.99      0       
   2.6e+03   1e+02     0.99      0       
   2.6e+03   1e+02     0.99      0       

EFC_D
   0.82    
   4.1     
   1.8     
   0.068   
   0.099   
   0.032   
   8.7     
   3.9     
   0.082   
   0.21    
   0.032   
   0.0042  
   0.0043  
   0.0044  
   0.0015  
   19      
   19      
   19      
   19      
   2.7     
   2.7     
   2.7     
   2.7     
   2.8     
   2.8     
   2.8     
   2.8     
   2.7     
   2.7     
   2.7     
   2.7     

EFC_R
   1.2     
   0.24    
   0.55    
   15      
   10      
   31      
   0.11    
   0.26    
   12      
   4.8     
   31      
   2.4e+02 
   2.3e+02 
   2.3e+02 
   6.8e+02 
   0.053   
   0.053   
   0.053   
   0.053   
   0.37    
   0.37    
   0.37    
   0.37    
   0.36    
   0.36    
   0.36    
   0.36    
   0.37    
   0.37    
   0.37    
   0.37    

ACTUATOR_VELOCITY
  -5.6e-05 
   0.002   
  -0.00056 
  -0.0016  
  -1.8e-05 
   5e-05   
  -5.7e-05 
  -0.0016  
  -1.5e-05 
   6.3e-06 
  -1.6e-05 
  -0.0015  
  -0.005   
  -0.0022  
  -0.0021  
  -0.0037  

CVEL
   0         0         0         0         0         0       
   0         0         0         0         0         0       
   0         0         0         0         0         0       
   0         0        -8.4e-05   1.7e-06  -1.8e-05   0       
   2.4e-10  -4e-05    -8.4e-05   3e-06    -1.8e-05   8.4e-06 
   6.4e-10  -0.00011  -8.4e-05   9.2e-06  -1.8e-05   3.6e-06 
  -0.0004   -0.00011   0.00098  -1.3e-05  -0.00022  -4.5e-06 
  -0.0004    7.1e-06   0.00098   1.1e-05  -0.00022   2.6e-05 
  -0.00046   6.9e-06  -0.00043   3.9e-05   0.00028   2.4e-05 
  -0.00046   6.9e-06  -0.00043   3.9e-05   0.00028   2.4e-05 
  -0.00046   6.9e-06  -0.00043   3.9e-05   0.00028   2.4e-05 
  -0.00046   6.9e-06  -0.00043   3.9e-05   0.00028   2.4e-05 
  -0.00046   6.9e-06  -0.00043   3.9e-05   0.00028   2.4e-05 
  -0.00046   6.9e-06  -0.00043   3.9e-05   0.00028   2.4e-05 
  -0.00046   6.3e-05  -0.00043   4.4e-05   0.00028   4.6e-05 
   0.00026   6.4e-05   0.0014   -6.5e-05  -0.0006    9e-05   
   0.00026   6.4e-05   0.0014   -6.5e-05  -0.0006    9e-05   
   0.00028   0.00062   0.0014   -9.2e-06  -0.0006    0.00034 
   0.00028   0.00062   0.0014   -9.2e-06  -0.0006    0.00034 
   0.00034   0.0022    0.0014    0.00017  -0.0006    0.0011  
   0.00034   0.0022    0.0014    0.00017  -0.0006    0.0011  
  -0.00046   2.5e-05  -0.00043   4.1e-05   0.00028   3.1e-05 
  -0.00045   2.5e-05  -0.00039   4e-05     0.00025   3.2e-05 
  -0.00045   2.5e-05  -0.00039   4e-05     0.00025   3.2e-05 
  -0.00045   8.2e-05  -0.00039   4.6e-05   0.00025   5.7e-05 
  -0.00045   8.2e-05  -0.00039   4.6e-05   0.00025   5.7e-05 
  -0.00045   0.0016   -0.00039   0.00022   0.00025   0.0008  
  -0.00045   0.0016   -0.00039   0.00022   0.00025   0.0008  
  -0.00046   2.2e-05  -0.00043   4.1e-05   0.00028   3e-05   
  -0.00046   2.2e-05  -0.00043   4.1e-05   0.00027   3e-05   
  -0.00046   2.2e-05  -0.00043   4.1e-05   0.00027   3e-05   
  -0.00046   3.8e-05  -0.00043   4.2e-05   0.00027   3.7e-05 
  -0.00046   3.8e-05  -0.00043   4.2e-05   0.00027   3.7e-05 
  -0.00047   0.0016   -0.00043   0.00022   0.00027   0.00078 
  -0.00047   0.0016   -0.00043   0.00022   0.00027   0.00078 
   0.0045    1.8e-05  -0.00067   5.2e-05  -1.8e-05   0.00027 
   0.0044    0.00026  -0.0028    0.00018   0.00069   0.00035 
   0.0061   -0.00086  -0.0031    0.00014   0.00068   7.3e-05 
   0.0061   -0.00086  -0.0031    0.00014   0.00068   7.3e-05 
   0.0092   -0.0029   -0.0034    0.00011   0.0007   -0.00025 
   0.0092   -0.0029   -0.0034    0.00011   0.0007   -0.00025 
   0.0092   -0.0029   -0.0034    0.00011   0.0007   -0.00025 
   0         0         0         0         0         0       

CDOF_DOT
   0         0         0         0         0         0       
   8.4e-05   5e-10     0        -1.7e-11   2.8e-06   1.7e-06 
   8.4e-05   5e-10    -3e-21    -1.1e-05   7.6e-06  -5.7e-07 
   0.0001   -2.9e-05   3.7e-05   3.1e-05   8.2e-06   8.2e-06 
   0.00098   4.2e-07   0.0004    2.4e-05  -0.0003   -9e-06   
   6.9e-06   0.00044  -4.1e-07   0.00012  -2.9e-05   0.00015 
  -0.00043  -9.8e-07   0.00046   2.1e-05  -0.00015  -3.9e-05 
   5.9e-05   0.00028  -2.3e-05   6.8e-05   9.6e-06   0.00011 
   0.0014   -5.6e-05  -0.00026   5.6e-05  -2.9e-05   4.9e-05 
   0.0014   -5.6e-05  -0.00026   3.5e-05  -4e-05     5.8e-05 
  -0.00043  -9.8e-07   0.00046   2.1e-05  -0.00015  -3.9e-05 
   2.4e-05   0.00028  -9.5e-06   6.7e-05  -1.9e-05   0.0001  
  -0.00039  -8.7e-07   0.00045   2e-05    -0.00016  -3.8e-05 
  -0.00039  -8.7e-07   0.00045   1.8e-05  -0.00017  -3.7e-05 
  -0.00043  -9.8e-07   0.00046   2.1e-05  -0.00015  -3.9e-05 
   2.1e-05   0.00028  -8.4e-06   6.7e-05  -4.5e-05   0.0001  
  -0.00043  -9.6e-07   0.00046   2e-05    -0.00016  -3.9e-05 
  -0.00043  -9.6e-07   0.00046   1.9e-05  -0.00017  -3.9e-05 
  -6.3e-07   0.00046   7.9e-06   3.9e-05  -4.8e-05   0.00025 
  -5.8e-05  -0.0045   -0.0005   -0.00021   0.00015  -0.0015  
   0.0016    0.0019    0.0026   -7e-05    -0.00093   0.00068 
   0.0016    0.0019    0.0026   -5.9e-05  -0.00063   0.00062 

QFRC_BIAS
   1.4e-07 
  -39      
  -10      
   0.097   
   2.4     
   0.0011  
   0.095   
  -0.00061 
   0.026   
   0.0048  
   0.095   
   6.1e-05 
   0.026   
   0.0046  
   0.095   
   6.1e-05 
   0.026   
   0.0046  
   0.046   
  -0.0046  
   0.046   
   0.011   

QFRC_SPRING
   0       
   0       
   0       
   0       
   0       
   0       
   0       
   0       
   0       
   0       
   0       
   0       
   0       
   0       
   0       
   0       
   0       
   0       
   0       
   0       
   0       
   0       

QFRC_DAMPER
   8.4e-05 
   4e-05   
   6.7e-05 
   0.0011  
   0.00011 
   0.0014  
   5.6e-05 
  -0.002   
   0.00056 
   0.0016  
   1.8e-05 
  -5e-05   
   5.7e-05 
   0.0016  
   1.5e-05 
  -6.3e-06 
   1.6e-05 
   0.0015  
   0.005   
   0.0022  
   0.0021  
   0.0037  

QFRC_GRAVCOMP
   0       
   0       
   0       
   0       
   0       
   0       
   0       
   0       
   0       
   0       
   0       
   0       
   0       
   0       
   0       
   0       
   0       
   0       
   0       
   0       
   0       
   0       

QFRC_FLUID
   0       
   0       
   0       
   0       
   0       
   0       
   0       
   0       
   0       
   0       
   0       
   0       
   0       
   0       
   0       
   0       
   0       
   0       
   0       
   0       
   0       
   0       

QFRC_PASSIVE
   8.4e-05 
   4e-05   
   6.7e-05 
   0.0011  
   0.00011 
   0.0014  
   5.6e-05 
  -0.002   
   0.00056 
   0.0016  
   1.8e-05 
  -5e-05   
   5.7e-05 
   0.0016  
   1.5e-05 
  -6.3e-06 
   1.6e-05 
   0.0015  
   0.005   
   0.0022  
   0.0021  
   0.0037  

EFC_VEL
  -8.4e-05 
  -4e-05   
  -6.7e-05 
  -0.0011  
  -0.00011 
  -0.0014  
   4e-05   
   6.7e-05 
  -0.0011  
  -0.00011 
   0.0014  
  -5.6e-05 
  -1.8e-05 
  -1.5e-05 
  -0.0021  
  -0.00015 
   4.3e-05 
  -2.7e-05 
  -8e-05   
   4.8e-05 
  -5e-05   
  -1.1e-05 
   9.8e-06 
   5.4e-07 
  -1.9e-06 
  -6.1e-07 
  -7.6e-07 
  -8.1e-08 
  -3.9e-07 
  -1.5e-07 
  -3.2e-07 

EFC_AREF
   0.0088  
   0.0042  
   0.0071  
   0.12    
   0.012   
   0.15    
   4.4     
   2.6     
   1.1     
   12      
   0.0054  
   23      
   22      
   22      
   32      
   0.098   
   0.079   
   0.086   
   0.091   
   0.13    
   0.14    
   0.14    
   0.13    
   0.14    
   0.14    
   0.14    
   0.14    
   0.15    
   0.15    
   0.15    
   0.15    

SUBTREE_LINVEL
   0         0         0       
   0         0         0       
   0         0         0       
   0         0         0       
   0         0         0       
   0         0         0       
   0         0         0       
   0         0         0       
   0         0         0       
   0         0         0       
   0         0         0       
   0         0         0       
   0         0         0       
   0         0         0       
   0         0         0       
   0         0         0       
   0         0         0       
   0         0         0       
   0         0         0       
   0         0         0       
   0         0         0       
   0         0         0       
   0         0         0       
   0         0         0       
   0         0         0       
   0         0         0       
   0         0         0       
   0         0         0       
   0         0         0       
   0         0         0       
   0         0         0       
   0         0         0       
   0         0         0       
   0         0         0       
   0         0         0       
   0         0         0       
   0         0         0       
   0         0         0       
   0         0         0       
   0         0         0       
   0         0         0       
   0         0         0       
   0         0         0       

SUBTREE_ANGMOM
   0         0         0       
   0         0         0       
   0         0         0       
   0         0         0       
   0         0         0       
   0         0         0       
   0         0         0       
   0         0         0       
   0         0         0       
   0         0         0       
   0         0         0       
   0         0         0       
   0         0         0       
   0         0         0       
   0         0         0       
   0         0         0       
   0         0         0       
   0         0         0       
   0         0         0       
   0         0         0       
   0         0         0       
   0         0         0       
   0         0         0       
   0         0         0       
   0         0         0       
   0         0         0       
   0         0         0       
   0         0         0       
   0         0         0       
   0         0         0       
   0         0         0       
   0         0         0       
   0         0         0       
   0         0         0       
   0         0         0       
   0         0         0       
   0         0         0       
   0         0         0       
   0         0         0       
   0         0         0       
   0         0         0       
   0         0         0       
   0         0         0       

ACTUATOR_FORCE
   0.00011 
  -0.0041  
   0.0011  
   0.0032  
   3.7e-05 
  -0.0001  
   0.00012 
   0.0032  
   3.1e-05 
  -1.3e-05 
   3.3e-05 
   0.0032  
   0.01    
   0.0044  
   0.0042  
   0.0076  

QFRC_ACTUATOR
   0       
   0       
   0       
   0       
   0       
   0       
   0.00011 
  -0.0041  
   0.0011  
   0.0032  
   3.7e-05 
  -0.0001  
   0.00012 
   0.0032  
   3.1e-05 
  -1.3e-05 
   3.3e-05 
   0.0032  
   0.01    
   0.0044  
   0.0042  
   0.0076  

QFRC_SMOOTH
   8.4e-05 
   39      
   10      
  -0.096   
  -2.4     
   0.00029 
  -0.095   
  -0.0055  
  -0.024   
   6.5e-05 
  -0.095   
  -0.00021 
  -0.025   
   6.4e-05 
  -0.095   
  -8e-05   
  -0.026   
   6.5e-05 
  -0.031   
   0.011   
  -0.04    
   0.00018 

QACC_SMOOTH
   0.38    
   38      
  -35      
   2.8     
   17      
   5.9     
   1       
  -30      
  -1.8e+02 
   5.6e+02 
   17      
  -8.2     
  -2.3e+02 
   6.2e+02 
   19      
  -7.7     
  -2.4e+02 
   6.3e+02 
   2.2e+02 
   1.1e+02 
  -3.8e+02 
   7.1e+02 

EFC_B
   0.37    
   38      
  -35      
   2.7     
   17      
   5.7     
  -42      
   32      
   1.7     
   4.9     
  -5.9     
  -22      
  -5.2     
  -3       
  -4.1e+02 
   6.6     
  -2.1     
   0.99    
   3.5     
  -3.9     
  -2.5     
  -1.6     
  -4.8     
  -4.3     
  -3.9     
  -2.1     
  -6       
  -4.4     
  -4       
  -2.2     
  -6.1     

EFC_FORCE
   0.0098  
   0.002   
   0.0091  
   0.0043  
   0.0015  
   0.0031  
   39      
   10      
   0.088   
   2.4     
   0.0019  
   0.095   
   0.095   
   0.095   
   0.041   
   0.57    
   1.6     
   0.98    
   1.1     
   0.35    
   0.38    
   0.37    
   0.36    
   0.25    
   0.53    
   0.42    
   0.36    
   0.25    
   0.53    
   0.42    
   0.37    

EFC_STATE
  1
  3
  2
  1
  3
  1
  1
  0
  0
  0
  1
  1
  1
  1
  1
  0
  1
  0
  0
  1
  1
  1
  1
  1
  1
  1
  1
  1
  1
  1
  1

QFRC_CONSTRAINT
   0.0098  
  -39      
  -10      
   0.092   
   2.4     
   0.0012  
   0.095   
   0.0054  
   0.024   
   0       
   0.095   
   0.00071 
   0.025   
   0       
   0.095   
   0.00061 
   0.026   
   0       
   0.033   
  -0.012   
   0.041   
   0       

QFRC_INVERSE
   0       
   0       
   0       
   0       
   0       
   0       
   0       
   0       
   0       
   0       
   0       
   0       
   0       
   0       
   0       
   0       
   0       
   0       
   0       
   0       
   0       
   0       

CACC
   0         0         0         0         0         0       
   0         0         0         0         0         0       
   0         0         0         0         0         0       
   0         0         0         0         0         0       
   0         0         0         0         0         0       
   0         0         0         0         0         0       
   0         0         0         0         0         0       
   0         0         0         0         0         0       
   0         0         0         0         0         0       
   0         0         0         0         0         0       
   0         0         0         0         0         0       
   0         0         0         0         0         0       
   0         0         0         0         0         0       
   0         0         0         0         0         0       
   0         0         0         0         0         0       
   0         0         0         0         0         0       
   0         0         0         0         0         0       
   0         0         0         0         0         0       
   0         0         0         0         0         0       
   0         0         0         0         0         0       
   0         0         0         0         0         0       
   0         0         0         0         0         0       
   0         0         0         0         0         0       
   0         0         0         0         0         0       
   0         0         0         0         0         0       
   0         0         0         0         0         0       
   0         0         0         0         0         0       
   0         0         0         0         0         0       
   0         0         0         0         0         0       
   0         0         0         0         0         0       
   0         0         0         0         0         0       
   0         0         0         0         0         0       
   0         0         0         0         0         0       
   0         0         0         0         0         0       
   0         0         0         0         0         0       
   0         0         0         0         0         0       
   0         0         0         0         0         0       
   0         0         0         0         0         0       
   0         0         0         0         0         0       
   0         0         0         0         0         0       
   0         0         0         0         0         0       
   0         0         0         0         0         0       
   0         0         0         0         0         0       

CFRC_INT
   0         0         0         0         0         0       
   0         0         0         0         0         0       
   0         0         0         0         0         0       
   0         0         0         0         0         0       
   0         0         0         0         0         0       
   0         0         0         0         0         0       
   0         0         0         0         0         0       
   0         0         0         0         0         0       
   0         0         0         0         0         0       
   0         0         0         0         0         0       
   0         0         0         0         0         0       
   0         0         0         0         0         0       
   0         0         0         0         0         0       
   0         0         0         0         0         0       
   0         0         0         0         0         0       
   0         0         0         0         0         0       
   0         0         0         0         0         0       
   0         0         0         0         0         0       
   0         0         0         0         0         0       
   0         0         0         0         0         0       
   0         0         0         0         0         0       
   0         0         0         0         0         0       
   0         0         0         0         0         0       
   0         0         0         0         0         0       
   0         0         0         0         0         0       
   0         0         0         0         0         0       
   0         0         0         0         0         0       
   0         0         0         0         0         0       
   0         0         0         0         0         0       
   0         0         0         0         0         0       
   0         0         0         0         0         0       
   0         0         0         0         0         0       
   0         0         0         0         0         0       
   0         0         0         0         0         0       
   0         0         0         0         0         0       
   0         0         0         0         0         0       
   0         0         0         0         0         0       
   0         0         0         0         0         0       
   0         0         0         0         0         0       
   0         0         0         0         0         0       
   0         0         0         0         0         0       
   0         0         0         0         0         0       
   0         0         0         0         0         0       

CFRC_EXT
   0         0         0         0         0         0       
   0         0         0         0         0         0       
   0         0         0         0         0         0       
   0         0         0         0         0         0       
   0         0         0         0         0         0       
   0         0         0         0         0         0       
   0         0         0         0         0         0       
   0         0         0         0         0         0       
   0         0         0         0         0         0       
   0         0         0         0         0         0       
   0         0         0         0         0         0       
   0         0         0         0         0         0       
   0         0         0         0         0         0       
   0         0         0         0         0         0       
   0         0         0         0         0         0       
   0         0         0         0         0         0       
   0         0         0         0         0         0       
   0         0         0         0         0         0       
   0         0         0         0         0         0       
   0         0         0         0         0         0       
   0         0         0         0         0         0       
   0         0         0         0         0         0       
   0         0         0         0         0         0       
   0         0         0         0         0         0       
   0         0         0         0         0         0       
   0         0         0         0         0         0       
   0         0         0         0         0         0       
   0         0         0         0         0         0       
   0         0         0         0         0         0       
   0         0         0         0         0         0       
   0         0         0         0         0         0       
   0         0         0         0         0         0       
   0         0         0         0         0         0       
   0         0         0         0         0         0       
   0         0         0         0         0         0       
   0         0         0         0         0         0       
   0         0         0         0         0         0       
   0         0         0         0         0         0       
   0         0         0         0         0         0       
   0         0         0         0         0         0       
   0         0         0         0         0         0       
   0         0         0         0         0         0       
   0         0         0         0         0         0       

TREE_ISLAND
  0

ISLAND_NTREE
  1

ISLAND_ITREEADR
  0

MAP_ITREE2TREE
  0

DOF_ISLAND            0 0 0 0 0 0 0 0 0 0 0 0 0 0 0 0 0 0 0 0 0 0

ISLAND_NV             22

ISLAND_IDOFADR        0

MAP_IDOF2DOF          0 1 2 3 4 5 6 7 8 9 10 11 12 13 14 15 16 17 18 19 20 21

EFC_ISLAND            0 0 0 0 0 0 0 0 0 0 0 0 0 0 0 0 0 0 0 0 0 0 0 0 0 0 0 0 0 0 0

ISLAND_NEFC           31

ISLAND_IEFCADR        0

MAP_IEFC2EFC          0 1 2 3 4 5 6 7 8 9 10 11 12 13 14 15 16 17 18 19 20 21 22 23 24 25 26 27 28 29 30

